1961543
22211641
27023450
44064382
45294988
92147982
100671866
110603471
111957517
111957563
120468184
145415562
145415568
147084783
147381202
154842105
154842330
165694223
175372614
213031948
235938388
235963695
1507747
46583281
48030639
85892832
87012399
96780986
116593723
219692790
220149621
220504281
233388527
10428181
49569689
52259548
77657037
108102586
129986531
142215368
172241148
178962491
3076657
3076672
80905985
88584036
155526058
65892767
79950724
79950727
112177801
149755340
149755744
16327903
16327909
31617054
31974849
32065863
32485535
32489747
32489754
32489755
32489758
32551947
32551951
32551958
32551961
33140361
33652724
35473877
39873605
39873610
157099426
27210581
40173939
44579757
90894459
96635420
98550874
99032754
100855557
100855926
111368431
126086436
138946363
143013292
8234714
30569609
95423551
108315599
120800692
128428178
144886851
145640136
2039776
8331574
20414310
20414376
22120786
95221948
95280016
112900341
124855329
124855336
136132908
139327599
139734217
3818497
3819321
3820114
21177143
27830564
30336682
72358188
83635511
91222253
103990510
6411935
8751946
8752618
62381083
64375285
66619968
77931372
87035643
102738795
118006763
6128170
7045885
7045891
7046077
7080212
11214632
14781678
15037187
22066006
31242861
49426729
49431873
49440430
49445189
53343461
109186435
109993092
109994451
110874492
111066562
121432117
122710710
123810080
43148565
99540406
113818817
20846337
23778131
50910675
95566108
104173517
24815179
43893733
89876827
3639977
9934969
11642910
16282840
18823379
28948371
29825914
29906719
67199751
72993831
88500315
8167168
17700573
18251659
35538304
43911424
48704709
59482060
62049212
63533732
78081526
78357593
80011181
10487784
21124914
920280
3653525
6375612
8196624
16008257
17954642
36642561
36642562
41173511
41173519
41173889
41173892
41173904
42795608
45322144
46283129
49657889
49969001
50434196
50434265
50475215
50881822
50912404
50919865
54401815
56052337
3211302
4680231
30640229
31022441
34025551
34797729
44533741
45354291
46279814
46279836
49551780
57020778
16337661
46330677
46896303
46925149
27066924
27067486
40807830
51159932
9660242
48372755
48462764
49076224
66765158
73071940
74698827
107422029
107439764
123046089
132838305
136648984
155239798
